Line 6 0 0 0 322 110 322 110 !
Line 6 0 0 0 322 110 322 110
Line 6 0 0 0 160 145 160 145 !
Line 6 0 0 0 160 145 163 151 !
Line 6 0 0 0 163 151 165 156 !
Line 6 0 0 0 165 156 169 165 !
Line 6 0 0 0 169 165 172 171 !
Line 6 0 0 0 172 171 176 180 !
Line 6 0 0 0 176 180 180 198 !
Line 6 0 0 0 180 198 183 212 !
Line 6 0 0 0 183 212 186 225 !
Line 6 0 0 0 186 225 186 234 !
Line 6 0 0 0 186 234 186 243 !
Line 6 0 0 0 186 243 185 248 !
Line 6 0 0 0 185 248 183 250 !
Line 6 0 0 0 183 250 179 253 !
Line 6 0 0 0 179 253 175 255 !
Line 6 0 0 0 175 255 171 257 !
Line 6 0 0 0 171 257 169 257 !
Line 6 0 0 0 169 257 168 257 !
Line 6 0 0 0 168 257 167 257 !
Line 6 0 0 0 167 257 166 254 !
Line 6 0 0 0 166 254 166 254
Rect 6 0 0 0 94 96 230 211
Line 6 255 255 255 106 190 107 190 !
Line 6 255 255 255 107 190 108 190 !
Line 6 255 255 255 108 190 110 190 !
Line 6 255 255 255 110 190 115 190 !
Line 6 255 255 255 115 190 138 196 !
Line 6 255 255 255 138 196 144 197 !
Line 6 255 255 255 144 197 188 205 !
Line 6 255 255 255 188 205 211 208 !
Line 6 255 255 255 211 208 225 209 !
Line 6 255 255 255 225 209 239 210 !
Line 6 255 255 255 239 210 252 210 !
Line 6 255 255 255 252 210 264 210 !
Line 6 255 255 255 264 210 272 210 !
Line 6 255 255 255 272 210 281 210 !
Line 6 255 255 255 281 210 282 210 !
Line 6 255 255 255 282 210 283 210 !
Line 6 255 255 255 283 210 282 210 !
Line 6 255 255 255 282 210 277 213 !
Line 6 255 255 255 277 213 263 218 !
Line 6 255 255 255 263 218 245 224 !
Line 6 255 255 255 245 224 219 231 !
Line 6 255 255 255 219 231 200 232 !
Line 6 255 255 255 200 232 193 232 !
Line 6 255 255 255 193 232 184 231 !
Line 6 255 255 255 184 231 182 229 !
Line 6 255 255 255 182 229 177 227 !
Line 6 255 255 255 177 227 171 221 !
Line 6 255 255 255 171 221 170 219 !
Line 6 255 255 255 170 219 169 208 !
Line 6 255 255 255 169 208 169 194 !
Line 6 255 255 255 169 194 177 181 !
Line 6 255 255 255 177 181 181 173 !
Line 6 255 255 255 181 173 190 163 !
Line 6 255 255 255 190 163 196 158 !
Line 6 255 255 255 196 158 212 144 !
Line 6 255 255 255 212 144 212 144
Rect 6 0 0 0 62 105 179 249
Rect 6 255 153 51 208 148 291 110
Rect 6 255 153 51 273 110 170 137
Rect 6 255 153 51 148 117 117 183
Rect 6 255 153 51 112 186 93 222
